0.6347498893737793
0.5307604670524597
0.5764232277870178
0.7045170068740845
0.7463123798370361
0.6253302693367004
0.6360423564910889
0.6094402074813843
0.7411113381385803
0.5673399567604065
0.656699538230896
0.5314264893531799
0.6909576058387756
0.4947682321071625
0.7793242335319519
0.6868960857391357
0.6790729761123657
0.7068374156951904
0.6084438562393188
0.6673343181610107
0.463643878698349
0.535611093044281
0.7507335543632507
0.3422947824001312
0.6003356575965881
0.545809805393219
0.7975004315376282
0.4399801790714264
0.6786319017410278
0.517798662185669
0.5851574540138245
0.636135995388031
0.5185632705688477
0.6328462362289429
0.7008923888206482
0.5852695107460022
0.6399217247962952
0.710155725479126
0.5722774267196655
0.711432695388794
0.7274441123008728
0.7906880378723145
0.5615192651748657
0.6371511220932007
0.5481806397438049
0.6651217937469482
0.6586398482322693
0.6837145090103149
0.7391126751899719
0.6023638844490051
0.6593993306159973
0.7477428913116455
0.41832444071769714
0.7773069143295288
0.46842896938323975
0.7101311087608337
0.5839463472366333
0.7009856700897217
0.6784714460372925
0.5063503980636597
0.683052659034729
0.7429957389831543
0.46913596987724304
0.537747859954834
0.6511914730072021
0.5220804810523987
0.7646539211273193
0.6394852995872498
0.7109864354133606
0.48797768354415894
0.6041795015335083
0.7327722311019897
0.5184530019760132
0.6820363402366638
0.4856645464897156
0.654177188873291
0.6974196434020996
0.4941372275352478
0.671154260635376
0.6885552406311035
0.6076462864875793
0.7059882283210754
0.6259035468101501
0.5510135293006897
0.6264127492904663
0.7831670641899109
0.6735643148422241
0.66376131772995
0.6099779009819031
0.7019805312156677
0.5663284659385681
0.4175434410572052
0.7414078712463379
0.6731016039848328
0.7840909361839294
0.7396596670150757
0.6402373909950256
0.4990752935409546
0.5239725708961487
0.7093773484230042
0.5575575232505798
0.561644434928894
0.6965010762214661
0.5333186388015747
0.6846204400062561
0.5957825779914856
0.6299391388893127
0.7014000415802002
0.5684487223625183
0.7124850153923035
0.6542748212814331
0.5283107757568359
0.6090983748435974
0.6545988917350769
0.5278231501579285
0.585342526435852
0.5863367915153503
0.6502317190170288
0.7049621939659119
0.5972870588302612
0.5532373785972595
0.7437962293624878
0.5635391473770142
0.5903000235557556
0.6409958600997925
0.805998682975769
0.7510948777198792
0.562936544418335
0.6231439113616943
0.5110873579978943
0.5604995489120483
0.5787026286125183
0.7589083909988403
0.5772892832756042
0.5713452100753784
0.7587329745292664
0.4833389222621918
0.6709851622581482
0.5713362097740173
0.618981122970581
0.7134812474250793
0.5630315542221069
0.5148792266845703
0.571892261505127
0.7531137466430664
0.5171684622764587
0.7008246779441833
0.48756375908851624
0.6917800307273865
0.7137500047683716
0.5028082728385925
0.6097576022148132
0.464281290769577
0.6251683235168457
0.5076432824134827
0.8017246723175049
0.6314297914505005
0.5057201981544495
0.7999524474143982
0.5312844514846802
0.4736398160457611
0.3454112410545349
0.5325959324836731
0.5770624279975891
0.7342463135719299
0.600559651851654
0.5713081359863281
0.41716650128364563
0.6648080348968506
0.5725497603416443
0.5902743339538574
0.5889787673950195
0.7108861804008484
0.6675551533699036
0.7614444494247437
0.7635931372642517
0.6171358227729797
0.5639405846595764
0.5321159958839417
0.6921677589416504
0.7319590449333191
0.5658655762672424
0.5551645755767822
0.27800264954566956
0.4521307051181793
0.37379032373428345
0.6664954423904419
0.7069301605224609
0.7351748943328857
0.4872993230819702
0.6950798034667969
0.5884093642234802
0.3909309208393097
0.6850751042366028
0.6757721900939941
0.7143873572349548
0.522327721118927
0.776694655418396
0.5708810091018677
0.5812576413154602
0.6762447357177734
0.7541331052780151
0.622314989566803
0.4527837932109833
0.39963197708129883
0.6217573881149292
0.7134774923324585
0.6182522177696228
0.5898924469947815
0.5309175848960876
0.6951411962509155
0.6566058993339539
0.4969107210636139
0.5394518375396729
0.6384173035621643
0.7725340127944946
0.5278826355934143
0.7753511667251587
0.5501760244369507
0.43331050872802734
0.6324636340141296
0.5406694412231445
0.5950252413749695
0.6758750677108765
0.49687159061431885
0.6682543158531189
0.7147421836853027
0.7885523438453674
0.5048873424530029
0.650868833065033
0.6589171290397644
0.5654865503311157
0.5833387970924377
0.6004623770713806
0.528335690498352
0.6474781632423401
0.6143312454223633
0.7403546571731567
0.608643651008606
0.7028895616531372
0.46473178267478943
0.6036925315856934
0.6129685044288635
0.49617353081703186
0.5465441942214966
0.6132955551147461
0.8010420799255371
0.6338186860084534
0.6337807178497314
0.48636823892593384
0.7622748017311096
0.39999693632125854
0.7105957269668579
0.7074111700057983
0.7089329361915588
0.5268418192863464
0.6082261204719543
0.7333271503448486
0.42098113894462585
0.5690515637397766
0.46214234828948975
0.6268885731697083
0.5673800110816956
0.5431143641471863
0.6944866180419922
0.677564799785614
0.8464179635047913
0.5211368799209595
0.7452979683876038
0.6352120637893677
0.6804364323616028
0.4566076099872589
0.7191974520683289
0.5985562205314636
0.439785897731781
0.7348020672798157
0.49299952387809753
0.844024658203125
0.6114115715026855
0.8656769394874573
0.6106037497520447
0.7124015688896179
0.625694215297699
0.6348901987075806
0.6166039109230042
0.5621877312660217
0.6631921529769897
0.6524075269699097
0.6396173238754272
0.618620753288269
0.637679934501648
0.6934354305267334
0.6351259350776672
0.6359057426452637
0.7576813101768494
0.6813515424728394
0.7141452431678772
0.6587876677513123
0.6898103356361389
0.7256606221199036
0.7921045422554016
0.5975159406661987
0.6998292803764343
0.464494526386261
0.7059446573257446
0.6345739364624023
0.6573663353919983
0.6660910248756409
0.6133880019187927
0.5021863579750061
0.6004266142845154
0.6804249882698059
0.43841439485549927
0.6848937273025513
0.5434314012527466
0.5308823585510254
0.6932319402694702
0.6062240600585938
0.8065041899681091
0.6782167553901672
0.6613893508911133
0.7938750982284546
0.720818042755127
0.6373017430305481
0.6585299968719482
0.6619643568992615
0.7190878987312317
0.6223176717758179
0.6323176622390747
0.7023506164550781
0.5679694414138794
0.5596315860748291
0.7990686893463135
0.5190427303314209
0.7097150683403015
0.8289709687232971
0.755932629108429
0.5064318776130676
0.761352002620697
0.5494690537452698
0.5435774922370911
0.5988956689834595
0.6350522637367249
0.7071397304534912
0.5979045629501343
0.6448696255683899
0.6553295850753784
0.7261402606964111
0.7444133162498474
0.7453222870826721
0.6610474586486816
0.5320789217948914
0.4684874713420868
0.498310387134552
0.6912180185317993
0.6445716023445129
0.5814425945281982
0.5411264300346375
0.752281904220581
0.7726787328720093
0.6877369284629822
0.6336752772331238
0.65388023853302
0.5878587365150452
0.5494838356971741
0.753923773765564
0.7416449189186096
0.6071440577507019
0.5770708918571472
0.5925047397613525
0.6483586430549622
0.4069887399673462
0.6705367565155029
0.7479318976402283
0.538183867931366
0.7478827834129333
0.6029176115989685
0.6497955918312073
0.6565728783607483
0.6428719162940979
0.5829951763153076
0.5646473169326782
0.5416541695594788
0.5207613706588745
0.6831587553024292
0.7028647065162659
0.6242472529411316
0.6726953983306885
0.6053303480148315
0.7157971858978271
0.7146249413490295
0.5743981599807739
0.5592967867851257
0.46561291813850403
0.7125954627990723
0.5951349139213562
0.7156357765197754
0.7264896631240845
0.6563787460327148
0.6911829113960266
0.46536785364151
0.5018141865730286
0.4681702256202698
0.6074075102806091
0.6301097273826599
0.7017805576324463
0.6802309155464172
0.7286830544471741
0.5327328443527222
0.5573340058326721
0.614901065826416
0.5813326835632324
0.6466152667999268
0.8414222598075867
0.5078514218330383
0.5340195298194885
0.6060537695884705
0.6457387804985046
0.640490710735321
0.49584606289863586
0.6903954148292542
0.5293980240821838
0.4687005579471588
0.6381906270980835
0.6374701261520386
0.6958816647529602
0.5764121413230896
0.7012045383453369
0.6745376586914062
0.56055748462677
0.738103449344635
0.7124510407447815
0.4704259932041168
0.650759220123291
0.7281672954559326
0.7747673988342285
0.5198777318000793
0.6084463596343994
0.6069966554641724
0.7000927329063416
0.7171989679336548
0.5820033550262451
0.7135072350502014
0.5342613458633423
0.697348415851593
0.6804654598236084
0.5019222497940063
0.5465269684791565
0.7055860757827759
0.6063923835754395
0.582369327545166
0.7106547951698303
0.5838791728019714
0.5871561169624329
0.646980345249176
0.6097394227981567
0.5601281523704529
0.6848326921463013
0.497525691986084
0.5788223743438721
0.7153924107551575
0.7408708930015564
0.607094943523407
0.6217279434204102
0.4718465209007263
0.5257477760314941
0.615712583065033
0.6362382769584656
0.6971520185470581
0.5175895690917969
0.5803460478782654
0.6890514492988586
0.6019148826599121
0.7065919637680054
0.7434305548667908
0.5422636270523071
0.7266629338264465
0.7204131484031677
0.6899866461753845
0.682346522808075
0.5820844769477844
0.6991366147994995
0.7766132950782776
0.5829381346702576
0.7296082377433777
0.6269420981407166
0.5968359112739563
0.7087876200675964
0.4700968563556671
0.6899504661560059
0.624413788318634
0.6212107539176941
0.5749143958091736
0.7809787392616272
0.5200023651123047
0.5072298049926758
0.6808038353919983
0.6070266366004944
0.7349299788475037
0.6894029378890991
0.7314698100090027
0.7928121089935303
0.7171390652656555
0.672417938709259
0.6325480341911316
0.5948843955993652
0.6109331846237183
0.6925628185272217
0.5472527146339417
0.6538243293762207
0.7414973378181458
0.5390992164611816
0.5519930124282837
0.6245183944702148
0.6619407534599304
0.6795457601547241
0.6165544986724854
0.6163153648376465
0.5626958608627319
0.7130913734436035
0.545978844165802
0.6838465332984924
0.5294478535652161
0.5899668335914612
0.8475148677825928
0.6527318954467773
0.7476754784584045
0.7311424612998962
0.7461416721343994
0.4642024636268616
0.5120227336883545
0.6792739033699036
0.45134493708610535
0.5833667516708374
0.5906739830970764
0.6887351274490356
0.673801600933075
0.7848744988441467
0.6165786385536194
0.3540108799934387
0.8031798601150513
0.7757984399795532
0.5388560891151428
0.6634978652000427
0.5717814564704895
0.6068239212036133
0.7040832042694092
0.41995540261268616
0.7810260057449341
0.5094181299209595
0.609236478805542
0.5863785147666931
0.6089391708374023
0.5240703225135803
0.5001118183135986
0.6532820463180542
0.6340792179107666
0.5926955938339233
0.7253048419952393
0.6203156113624573
0.6830257177352905
0.7649126648902893
0.6886734366416931
0.6315845251083374
0.7689409852027893
0.543822705745697
0.5358201861381531
0.6643855571746826
0.7063083648681641
0.49773064255714417
0.695919930934906
0.7523895502090454
0.5547317862510681
0.6631079912185669
0.7047715783119202
0.7569152116775513
0.7332559823989868
0.581550121307373
0.6479646563529968
0.5125849843025208
0.6709842681884766
0.5121852159500122
0.6139104962348938
0.5397189855575562
0.5765716433525085
0.4473966956138611
0.6679717302322388
0.8179081082344055
0.7388307452201843
0.6835787892341614
0.6397865414619446
0.5274667143821716
0.4840644896030426
0.6603592038154602
0.5133477449417114
0.5301985144615173
0.6650243997573853
0.8586596846580505
0.5701746940612793
0.5584136247634888
0.5342240333557129
0.597676157951355
0.538940966129303
0.6385782957077026
0.672235906124115
0.6746582984924316
0.7081223726272583
0.5594620108604431
0.5398513674736023
0.7175777554512024
0.7253557443618774
0.7662897109985352
0.6344718933105469
0.6898084878921509
0.6148431897163391
0.6520538926124573
0.7034314870834351
0.648247480392456
0.5217688083648682
0.5295190215110779
0.5030103921890259
0.5146587491035461
0.8567667007446289
0.7686443328857422
0.6763852834701538
0.6119043231010437
0.5747368931770325
0.5374212265014648
0.5246942639350891
0.7441225647926331
0.6257738471031189
0.7297228574752808
0.6712085604667664
0.5930963158607483
0.7316052317619324
0.595676839351654
0.6934186816215515
0.7176526784896851
0.6532079577445984
0.6093742251396179
0.4633401334285736
0.651289165019989
0.5012776851654053
0.6384121775627136
0.7100001573562622
0.6923258304595947
0.5978460907936096
0.6718491315841675
0.5532891154289246
0.7099748253822327
0.7094388008117676
0.6943609118461609
0.7601327300071716
0.7876167297363281
0.5768844485282898
0.6445837616920471
0.6575170159339905
0.6784792542457581
0.667557418346405
0.5655815005302429
0.6171871423721313
0.6135213971138
0.6643149256706238
0.6783128976821899
0.5810509324073792
0.7012465596199036
0.6782078742980957
0.7392499446868896
0.6551420092582703
0.5848897695541382
0.7528401613235474
0.7589724659919739
0.6304283142089844
0.7076480984687805
0.6374652981758118
0.36368483304977417
0.6691729426383972
0.4984675347805023
0.610461413860321
0.5915403962135315
0.5934925079345703
0.5885851979255676
0.8291949033737183
0.6510536074638367
0.6251183748245239
0.455890417098999
0.5994149446487427
0.6625354886054993
0.6944587826728821
0.6726995706558228
0.6509137153625488
0.8107948303222656
0.5836349725723267
0.5296921730041504
0.5120261907577515
0.6176866292953491
0.5379127860069275
0.6288216710090637
0.552800178527832
0.580723762512207
0.4791247546672821
0.6989424228668213
0.6871665716171265
0.6758841276168823
0.6781073212623596
0.6436269879341125
0.7144635915756226
0.49091821908950806
0.7203143239021301
0.5937671661376953
0.6509521007537842
0.8227943181991577
0.5922108292579651
0.6654046177864075
0.6420163512229919
0.5822814702987671
0.6299722790718079
0.5400996804237366
0.6204399466514587
0.6082227230072021
0.5814664363861084
0.5451197624206543
0.4587991237640381
0.7588122487068176
0.6115577220916748
0.514644205570221
0.7298005819320679
0.549907922744751
0.5444399118423462
0.5630243420600891
0.8039083480834961
0.6899219155311584
0.6171815395355225
0.5737776160240173
0.7066405415534973
0.8310689330101013
0.6643642783164978
0.6278806328773499
0.5533620119094849
0.6495451927185059
0.532558023929596
0.6337249279022217
0.6559039354324341
0.7231382131576538
0.4063200056552887
0.39858952164649963
0.7785584926605225
0.7507038116455078
0.5829517245292664
0.6870653629302979
0.6761485934257507
0.6692808270454407
0.534431517124176
0.7318781018257141
0.641869068145752
0.6379083395004272
0.5929789543151855
0.7886185646057129
0.5129713416099548
0.5806869268417358
0.5723504424095154
0.6851984262466431
0.5722314715385437
0.6224170327186584
0.6707085371017456
0.7027735710144043
0.6711292266845703
0.7618635296821594
0.5152614116668701
0.7765091061592102
0.48209407925605774
0.8128132224082947
0.5594537854194641
0.5627474784851074
0.5902944207191467
0.5835986733436584
0.5050837993621826
0.48565971851348877
0.7204372882843018
0.7688834071159363
0.5835259556770325
0.6495105028152466
0.5364482998847961
0.6259210109710693
0.5996485352516174
0.6538822650909424
0.6813700199127197
0.5317723155021667
0.7454887628555298
0.5368147492408752
0.6685479283332825
0.61019366979599
0.6847851872444153
0.502650260925293
0.5709565877914429
0.7239003777503967
0.604253351688385
0.3716350793838501
0.5224090814590454
0.6557098627090454
0.8095460534095764
0.8496443629264832
0.4830712378025055
0.5239044427871704
0.45417800545692444
0.7670174241065979
0.6432503461837769
0.707599401473999
0.6496917009353638
0.4385276436805725
0.4039299488067627
0.6999254822731018
0.6614862084388733
0.6352514624595642
0.6083844304084778
0.5314629673957825
0.6558937430381775
0.6041632890701294
0.6632896661758423
0.5837509632110596
0.6263058185577393
0.5623036026954651
0.727333128452301
0.5552161931991577
0.6271283626556396
0.631542980670929
0.8099930882453918
0.6083398461341858
0.626201868057251
0.7765700221061707
0.5562645196914673
0.5883269309997559
0.5879713296890259
0.5864760279655457
0.6829497218132019
0.6483477354049683
0.7332198023796082
0.5870569348335266
0.6208892464637756
0.5300557613372803
0.6598698496818542
0.6642229557037354
0.6444388031959534
0.5688634514808655
0.6789601445198059
0.5903015732765198
0.6293638348579407
0.5807912349700928
0.5699882507324219
0.6730605363845825
0.5252317190170288
0.6988216042518616
0.678112268447876
0.5684928894042969
0.5533225536346436
0.49189797043800354
0.5070717334747314
0.6388316750526428
0.653286337852478
0.637604296207428
0.6379764676094055
0.5611569285392761
0.5283694267272949
0.7668686509132385
0.7181065678596497
0.7419565916061401
0.5722986459732056
0.7506864070892334
0.7137410044670105
0.5734706521034241
0.8460106253623962
0.6196256875991821
0.5835368633270264
0.7810186743736267
0.4773590564727783
0.5255080461502075
0.4678560197353363
0.779326856136322
0.668912947177887
0.764528214931488
0.597111701965332
0.6586763262748718
0.6164730191230774
0.5758243799209595
0.6622841358184814
0.541036069393158
0.7043924927711487
0.6546764373779297
0.663679838180542
0.7443856000900269
0.5680433511734009
0.6720352172851562
0.6588134169578552
0.6313481330871582
0.6711851358413696
0.6474423408508301
0.6568396687507629
0.65796959400177
0.6678805947303772
0.8140775561332703
0.5061686038970947
0.5602654218673706
0.5317628979682922
0.7187661528587341
0.6299041509628296
0.7625412940979004
0.5707234740257263
0.4341495931148529
0.5372995734214783
0.60347580909729
0.6703426241874695
0.7015361189842224
0.664368212223053
0.7373930811882019
0.630780816078186
0.6404095888137817
0.6851036548614502
0.7003021836280823
0.5015445351600647
0.5858790278434753
0.6399286389350891
0.6998826265335083
0.8068683743476868
0.4968147277832031
0.5771370530128479
0.5258384346961975
0.6226266026496887
0.6585056185722351
0.49787744879722595
0.702867329120636
0.46468499302864075
0.4979352056980133
0.736490786075592
0.41744139790534973
0.7586732506752014
0.6787470579147339
0.4824826419353485
0.6280055046081543
0.6106406450271606
0.6554892063140869
0.5994600057601929
0.5898721814155579
0.533005952835083
0.8491989970207214
0.5547788143157959
0.7175613641738892
0.5572161078453064
0.6034280061721802
0.6609109044075012
0.7579483985900879
0.6727075576782227
0.7088851928710938
0.5742561221122742
0.6315733790397644
0.571364164352417
0.6745221018791199
0.7138872742652893
0.6594265103340149
0.7312531471252441
0.7323369383811951
0.7034482955932617
0.610991358757019
0.5650157928466797
0.614204466342926
0.6044578552246094
0.7430586218833923
0.6324952840805054
0.741615891456604
0.597868800163269
0.6667747497558594
0.6864022612571716
0.7761682868003845
0.7672809362411499
0.6751970648765564
0.41834935545921326
0.6696226596832275
0.554803192615509
0.7125036120414734
0.625575602054596
0.7420188188552856
0.6481184959411621
0.5718315243721008
0.6767551302909851
0.5929255485534668
0.7917032837867737
0.4514741003513336
0.6276611089706421
0.6480758786201477
0.6643620133399963
0.6926851868629456
0.6613226532936096
0.5871637463569641
0.6833187341690063
0.6555265188217163
0.6122345328330994
0.624454915523529
0.6037124991416931
0.47718289494514465
0.6339132189750671
0.7455148100852966
0.5923066735267639
0.5952425599098206
0.33438029885292053
0.6940912008285522
0.5097717046737671
0.4810650944709778
0.6793239116668701
0.46066758036613464
0.5274785757064819
0.5920268297195435
0.6996279954910278
0.6521347165107727
0.7318512797355652
0.49994972348213196
0.6092384457588196
0.5597164630889893
0.4553901255130768
0.5217005014419556
0.4782525897026062
0.5795577168464661
0.6365788578987122
0.6476424932479858
0.5809731483459473
0.5809283256530762
0.541924774646759
0.6571730971336365
0.692008912563324
0.6554993391036987
0.7340350151062012
0.717610776424408
0.5840319395065308
0.6611689329147339
0.6719406247138977
0.5816776156425476
0.6848252415657043
0.643231213092804
0.5154954195022583
0.48815879225730896
0.5457685589790344
0.7433604001998901
0.555957019329071
0.7493873238563538
0.6195946335792542
0.8176642060279846
0.6092140078544617
0.5198399424552917
0.5859172344207764
0.7017012238502502
0.7511322498321533
0.687479555606842
0.6628919839859009
0.7293946146965027
0.7217340469360352
0.7105715274810791
0.6294261813163757
0.6049299240112305
0.8365690112113953
0.6717404723167419
0.6422354578971863
0.5967828035354614
0.7023540139198303
0.611237108707428
0.7553777098655701
0.6177965998649597
0.6405817270278931
0.6986473798751831
0.6093906760215759
0.5425218343734741
0.6804344058036804
0.6457527279853821
0.5707969665527344
0.5040221810340881
0.5877689123153687
0.7072504758834839
0.6943031549453735
0.6288810968399048
0.5574869513511658
0.6580159664154053
0.7030795812606812
0.6688635349273682
0.5211670398712158
0.6931648850440979
0.8011578321456909
0.687382698059082
0.525928258895874
0.6255207657814026
0.7358224987983704
0.7325231432914734
0.6127878427505493
0.6441285014152527
0.6057109832763672
0.656059741973877
0.8236653208732605
0.6633923053741455
0.45995673537254333
0.6778764128684998
0.6242329478263855
0.4714626371860504
0.533495306968689
0.479328989982605
0.6223253011703491
0.5672720074653625
0.6991693377494812
0.5937333106994629
0.6068889498710632
0.7035982608795166
0.665400505065918
0.6519280672073364
0.46719658374786377
0.6776484847068787
0.5710561871528625
0.7016840577125549
0.7103279232978821
0.6345484256744385
0.6095225811004639
0.6595674753189087
0.629919707775116
0.6708247661590576
0.6460148096084595
0.521058201789856
0.5940340161323547
0.5813015103340149
0.559077262878418
0.5942482352256775
0.6413154006004333
0.5972111821174622
0.666175365447998
0.6965927481651306
0.5212134718894958
0.5353589653968811
0.5245731472969055
0.7401422262191772
0.5339397192001343
0.5271674990653992
0.7495615482330322
0.742430567741394
0.6154672503471375
0.7457289695739746
0.5447527766227722
0.559394121170044
0.6781892776489258
0.5203666090965271
0.6865442991256714
0.6524181365966797
0.5499449968338013
0.6604112982749939
0.5601168870925903
0.6005253195762634
0.7056607604026794
0.4848327338695526
0.6518663763999939
0.6982303261756897
0.6889368891716003
0.5657215714454651
0.5661794543266296
0.6836144924163818
0.6975278258323669
0.4685767889022827
0.47574153542518616
0.7697829008102417
0.5899351835250854
0.6414267420768738
0.6914637684822083
0.5205950140953064
0.6257607936859131
0.6194116473197937
0.5423740744590759
0.66892009973526
0.6431832313537598
0.6226369142532349
0.6137576103210449
0.5161879062652588
0.6041813492774963
0.6394346356391907
0.4907532036304474
0.7692402005195618
0.6820501685142517
0.7677426338195801
0.04701860249042511
0.6039297580718994
0.5993087887763977
0.4681369960308075
0.5400626063346863
0.6423015594482422
0.6824066042900085
0.6628834009170532
0.44616085290908813
0.674026370048523
0.6484935283660889
0.6656190752983093
0.7285468578338623
0.7267563939094543
0.7490096092224121
0.5461057424545288
0.7392871379852295
0.6508079767227173
0.33977073431015015
0.43542224168777466
0.5683329701423645
0.7119589447975159
0.618436872959137
0.6344501972198486
0.5556324124336243
0.5919650197029114
0.62449049949646
0.6122592687606812
0.4717963933944702
0.753424882888794
0.5696161985397339
0.602822482585907
0.5208004117012024
0.6365827918052673
0.6043242812156677
0.4898936152458191
0.6542356610298157
0.7059775590896606
0.7577756643295288
0.7233983874320984
0.5708703398704529
0.6555197238922119
0.7375054955482483
0.7564917802810669
0.712256908416748
0.5621366500854492
0.4924900233745575
0.6958112716674805
0.5791140198707581
0.669283926486969
0.5996485352516174
0.4266369938850403
0.5541235208511353
0.5290470719337463
0.5983746647834778
0.6037508845329285
0.49309128522872925
0.6394603252410889
0.7738739252090454
0.6765531301498413
0.6133451461791992
0.6010696291923523
0.5903031229972839
0.5670533776283264
0.5703037977218628
0.7525149583816528
0.5363782048225403
0.7343113422393799
0.6218015551567078
0.600255012512207
0.7180612683296204
0.701958179473877
0.7283708453178406
0.4935914874076843
0.4998188018798828
0.6431499123573303
0.5048658847808838
0.49484699964523315
0.5537577867507935
0.6233024597167969
0.6188021898269653
0.5912587642669678
0.7050722241401672
0.7855638265609741
0.6983212232589722
0.6220681071281433
0.6076582670211792
0.566216766834259
0.6377080678939819
0.5754862427711487
0.4539231061935425
0.5519565939903259
0.6682301163673401
0.6922091841697693
0.6847906708717346
0.681466281414032
0.5792456865310669
0.6502181887626648
0.6734680533409119
0.6538659930229187
0.6875239610671997
0.6810428500175476
0.7133802175521851
0.5987204909324646
0.6236352920532227
0.556352436542511
0.7669382691383362
0.7677710056304932
0.5129095911979675
0.6233671307563782
0.6680818796157837
0.6296120285987854
0.5503718256950378
0.7365570068359375
0.771197497844696
0.4351336658000946
0.70503169298172
0.5650224685668945
0.7104066014289856
0.6512986421585083
0.7203657627105713
0.555325448513031
0.5002076625823975
0.6425725221633911
0.7135571837425232
0.46345365047454834
0.5460683107376099
0.6550120711326599
0.5783129930496216
0.5840802788734436
0.6184568405151367
0.5669565200805664
0.7009105682373047
0.49019503593444824
0.5133213400840759
0.8015722632408142
0.6477881669998169
0.6041142344474792
0.6353843212127686
0.6221046447753906
0.474014550447464
0.7349727749824524
0.677346408367157
0.5165276527404785
0.5527998208999634
0.7459909915924072
0.6081695556640625
0.5443212389945984
0.8489900827407837
0.6343284249305725
0.5188764333724976
0.6507171988487244
0.7166783809661865
0.6595820784568787
0.6852907538414001
0.7667573094367981
0.5941756367683411
0.6063080430030823
0.5877529978752136
0.6343173980712891
0.7246308326721191
0.45999205112457275
0.7479596138000488
0.44411903619766235
0.7558730840682983
0.6774522066116333
0.6510952711105347
0.46651721000671387
0.7627400755882263
0.5830235481262207
0.7582616209983826
0.5878801345825195
0.5417352914810181
0.5638474822044373
0.6878012418746948
0.726831316947937
0.5553414225578308
0.6319752931594849
0.7423442602157593
0.5273626446723938
0.47163698077201843
0.7788125872612
0.6688972115516663
0.5345335602760315
0.513148307800293
0.7521152496337891
0.6982913613319397
0.6001965403556824
0.6188620924949646
0.664685845375061
0.5474421381950378
0.5574781894683838
0.6569108963012695
0.4946783781051636
0.7429404258728027
0.759990394115448
0.6704989671707153
0.525058925151825
0.8019351959228516
0.6871712803840637
0.6324116587638855
0.5477098226547241
0.7128088474273682
0.6201642751693726
0.6222866773605347
0.6730819940567017
0.6787139177322388
0.5229305028915405
0.6798980832099915
0.5479654669761658
0.5148489475250244
0.5385387539863586
0.5402488112449646
0.6678342223167419
0.5251210331916809
0.6948747634887695
0.6055516600608826
0.745697557926178
0.6623163819313049
0.5276307463645935
0.5970715880393982
0.7228400111198425
0.7665605545043945
0.7482404708862305
0.7411637306213379
0.5877278447151184
0.3846210539340973
0.6798203587532043
0.5482627153396606
0.598128080368042
0.33783820271492004
0.5787827372550964
0.5581308603286743
0.655907392501831
0.7257891297340393
0.650931715965271
0.8497965335845947
0.7281800508499146
0.7390227317810059
0.7966942191123962
0.5481719970703125
0.7591619491577148
0.6015775799751282
0.6592245697975159
0.7429128885269165
0.5026126503944397
0.5462749600410461
0.7014652490615845
0.5101886987686157
0.5943219661712646
0.6705501675605774
0.7632140517234802
0.6218468546867371
0.6268537044525146
0.6386069059371948
0.5806567072868347
0.5862724781036377
0.5652471780776978
0.6649138927459717
0.6100021600723267
0.7205864191055298
0.8030598163604736
0.6564807295799255
0.6199170351028442
0.7117400169372559
0.5820172429084778
0.8109488487243652
0.6029398441314697
0.6373493671417236
0.4471935033798218
0.46432727575302124
0.7172923684120178
0.7335366010665894
0.6902452111244202
0.6140729784965515
0.7207053303718567
0.7256289124488831
0.7023587822914124
0.63755202293396
0.6773527264595032
0.5950719714164734
0.6416391730308533
0.8593196272850037
0.7388291954994202
0.6374443173408508
0.7804073691368103
0.6363397836685181
0.7876904010772705
0.6160523891448975
0.6117765307426453
0.6903567314147949
0.6627295613288879
0.6034058928489685
0.5467009544372559
0.6868761777877808
0.6677586436271667
0.6771987676620483
0.5689978003501892
0.5540748834609985
0.5722665786743164
0.605453610420227
0.6159123778343201
0.6869681477546692
0.690296471118927
0.34098970890045166
0.6549072265625
0.6595969796180725
0.4548487365245819
0.5199330449104309
0.5458818674087524
0.7572275996208191
0.6437069177627563
0.5266596674919128
0.5943682789802551
0.8149864673614502
0.39581099152565
0.6843605041503906
0.7414993047714233
0.41013553738594055
0.6349697709083557
0.7503485679626465
0.6615738272666931
0.5802240371704102
0.7110583782196045
0.7635639905929565
0.5619756579399109
0.502177894115448
0.7668055891990662
0.6044331789016724
0.5491341948509216
0.7238466143608093
0.6884805560112
0.6289170384407043
0.769051730632782
0.7560561895370483
0.6194292306900024
0.5972030758857727
0.6660317182540894
0.7072911262512207
0.658034086227417
0.7152684330940247
0.6553290486335754
0.6153030395507812
0.6256195306777954
0.4825793206691742
0.5244417190551758
0.5770958065986633
0.5296878218650818
0.6042031645774841
0.6185638308525085
0.6793628931045532
0.6534121036529541
0.5800599455833435
0.6325608491897583
0.4198729395866394
0.5731210112571716
0.5428534150123596
0.6146506667137146
0.5607481002807617
0.6091944575309753
0.6070871353149414
0.6302937865257263
0.37066903710365295
0.5730464458465576
0.7453128695487976
0.6344399452209473
0.5908999443054199
0.611528217792511
0.6791802644729614
0.46915876865386963
0.43211644887924194
0.41443589329719543
0.5590972304344177
0.6869668364524841
0.5792173147201538
0.6171360015869141
0.6294258236885071
0.547492504119873
0.5734013915061951
0.7114056348800659
0.4996481239795685
0.65692138671875
0.42868155241012573
0.770662784576416
0.6843940019607544
0.5897234678268433
0.6147631406784058
0.6431341171264648
0.6556416153907776
0.5463639497756958
0.4780052602291107
0.5898779034614563
0.5292541980743408
0.69038325548172
0.7025042772293091
0.7207000851631165
0.4440290927886963
0.7561272978782654
0.6514812707901001
0.7067228555679321
0.43478402495384216
0.6084353923797607
0.8213721513748169
0.6109352111816406
0.7239035367965698
0.6463432908058167
0.5641490817070007
0.7033376097679138
0.5162983536720276
0.6251211762428284
0.5175612568855286
0.8023942112922668
0.5877548456192017
0.7460373640060425
0.803936779499054
0.5501261949539185
0.47663605213165283
0.5600335597991943
0.6360569596290588
0.7075323462486267
0.6933754682540894
0.591751754283905
0.838370144367218
0.5551864504814148
0.7316626310348511
0.5665801167488098
0.5034171342849731
0.5727110505104065
0.7308403253555298
0.48880594968795776
0.605650782585144
0.5640003085136414
0.5438817739486694
0.7484531998634338
0.6257505416870117
0.5819900035858154
0.6050777435302734
0.6326841711997986
0.6326168775558472
0.6852147579193115
0.6450151205062866
0.3828282058238983
0.4872259795665741
0.6003117561340332
0.682273805141449
0.7660211324691772
0.6821491718292236
0.8565418124198914
0.6118177771568298
0.7566903233528137
0.7222850918769836
0.6983973979949951
0.8169450163841248
0.6744975447654724
0.7310364842414856
0.6397004127502441
0.6350484490394592
0.7193815112113953
0.5071717500686646
0.6141990423202515
0.5883482098579407
0.406015008687973
0.5907412171363831
0.5542905926704407
0.5824933648109436
0.5676687955856323
0.836053729057312
0.6759756803512573
0.5205917358398438
0.7052881717681885
0.7271034121513367
0.5752023458480835
0.6811072826385498
0.553339421749115
0.6985852122306824
0.579571545124054
0.7104616165161133
0.5044872760772705
0.7006354928016663
0.6928145885467529
0.6486324071884155
0.7215344309806824
0.7026636004447937
0.5375261306762695
0.6406523585319519
0.5459924340248108
0.688762366771698
0.7855024933815002
0.6795828938484192
0.6756216287612915
0.8175786137580872
0.7044578790664673
0.696785569190979
0.7175187468528748
0.6527451872825623
0.6648868918418884
0.6615217924118042
0.6284812092781067
0.6189566254615784
0.7652343511581421
0.5664650201797485
0.6673891544342041
0.5447254776954651
0.5514991283416748
0.4579755365848541
0.6252990961074829
0.6392961740493774
0.6726928353309631
0.6870660781860352
0.6193980574607849
0.6270052790641785
0.623135507106781
0.6550770401954651
0.6822635531425476
0.6874432563781738
0.6121568083763123
0.6174504160881042
0.4687979519367218
0.680507242679596
0.5292636156082153
0.5924396514892578
0.7192761898040771
0.5567610263824463
0.5000977516174316
0.6796558499336243
0.6986309289932251
0.6166486740112305
0.7586243748664856
0.568577766418457
0.6229726076126099
0.5163111686706543
0.6263219714164734
0.5757247805595398
0.5376515984535217
0.5422723293304443
0.48697808384895325
0.5862586498260498
0.6408438086509705
0.6923132538795471
0.7384679317474365
0.6834530234336853
0.5277038216590881
0.8069718480110168
0.6807531118392944
0.6290422677993774
0.6288155913352966
0.6602608561515808
0.6069029569625854
0.67756187915802
0.6845892667770386
0.7383595705032349
0.7043762803077698
0.6483731865882874
0.5858945250511169
0.8313873410224915
0.6673876643180847
0.7601377367973328
0.7863359451293945
0.6465680003166199
0.7102762460708618
0.5708459615707397
0.614625871181488
0.6302868723869324
0.5181936621665955
0.647741436958313
0.6628636717796326
0.5941627621650696
0.7263253331184387
0.6900222897529602
0.7113617658615112
0.7104805111885071
0.6614854335784912
0.7315932512283325
0.7282667756080627
0.5129370093345642
0.5844827890396118
0.7235232591629028
0.6318860650062561
0.4629986882209778
0.8457279205322266
0.612187922000885
0.505540132522583
0.5947370529174805
0.7592319846153259
0.66275954246521
0.4731599688529968
0.47212567925453186
0.5376436710357666
0.6035823822021484
0.7155060172080994
0.584420919418335
0.7529088258743286
0.6094878911972046
0.5225822329521179
0.576488196849823
0.5091233253479004
0.6166883111000061
0.6316466331481934
0.7923150062561035
0.6789507269859314
0.64689040184021
0.7111340165138245
0.6152887940406799
0.8195300698280334
0.5691032409667969
0.6854408383369446
0.7041590213775635
0.606063723564148
0.7279682159423828
0.5367600321769714
0.6805911660194397
0.5824023485183716
0.6301435232162476
0.8010057210922241
0.517062783241272
0.5224069356918335
0.7295535206794739
0.6205915212631226
0.5400224328041077
0.6579275727272034
0.3951469659805298
0.5180971622467041
0.7460775971412659
0.5111497044563293
0.7172707319259644
0.5515398383140564
0.32867589592933655
0.6203917264938354
0.7726605534553528
0.7580165266990662
0.5761534571647644
0.5427430868148804
0.6259980201721191
0.6384726762771606
0.7419251799583435
0.6930376291275024
0.745600700378418
0.6998164653778076
0.5903648138046265
0.6679356694221497
0.6591022610664368
0.4312525689601898
0.48982325196266174
0.620251476764679
0.49192503094673157
0.625594973564148
0.6230777502059937
0.6114003658294678
0.6041910648345947
0.5269615054130554
0.7248674631118774
0.6270423531532288
0.5425810813903809
0.6052157282829285
0.7999011874198914
0.7003061771392822
0.5763350129127502
0.764887273311615
0.43970489501953125
0.5504657030105591
0.6623109579086304
0.665038526058197
0.5625417828559875
0.7219977378845215
0.5451664328575134
0.5879829525947571
0.4103253185749054
0.8750756978988647
0.5704331398010254
0.7180070877075195
0.5952692627906799
0.6275091171264648
0.610750675201416
0.4963049590587616
0.6762548685073853
0.6312212347984314
0.5512385368347168
0.5802967548370361
0.6183699369430542
0.5978866219520569
0.7710972428321838
0.40153685212135315
0.669840395450592
0.6932873129844666
0.5827375054359436
0.5990665555000305
0.7400673031806946
0.5846211910247803
0.5133247375488281
0.5934339761734009
0.7099614143371582
0.7229597568511963
0.491845041513443
0.6052334904670715
0.5141820311546326
0.6447144746780396
0.5677249431610107
0.752699613571167
0.6671390533447266
0.5554074645042419
0.7091306447982788
0.6914267539978027
0.4631783664226532
0.7338588833808899
0.5120736956596375
0.6086310148239136
0.7129635810852051
0.5699586272239685
0.6258454918861389
0.6197266578674316
0.670881986618042
0.7097253203392029
0.6525493264198303
0.7033466100692749
0.6342235207557678
0.7183420062065125
0.5949432253837585
0.4903373420238495
0.4501160681247711
0.793807327747345
0.7642478942871094
0.7936058640480042
0.6290624737739563
0.6811071038246155
0.7454622387886047
0.4146268367767334
0.7504788637161255
0.5974657535552979
0.859969437122345
0.4081081748008728
0.5336886048316956
0.4209437668323517
0.6144524216651917
0.8167251944541931
0.561200737953186
0.6350157856941223
0.731687068939209
0.5570321679115295
0.6934026479721069
0.5399903655052185
0.5572644472122192
0.7087005972862244
0.7458821535110474
0.7538903951644897
0.7292850017547607
0.6406788229942322
0.624108076095581
0.5358589887619019
0.697178840637207
0.652229368686676
0.48795321583747864
0.5991573929786682
0.7135615944862366
0.5685503482818604
0.6955376267433167
0.4873662292957306
0.6932969689369202
0.5406389832496643
0.5541461110115051
0.7037923336029053
0.5448739528656006
0.7224680185317993
0.6193738579750061
0.5285874605178833
0.6682981252670288
0.6133683919906616
0.6493160724639893
0.8216032385826111
0.6819832921028137
0.6504797339439392
0.45918163657188416
0.6970967650413513
0.5919197201728821
0.8193246126174927
0.4815444350242615
0.7878798842430115
0.408263623714447
0.6255226731300354
0.5114733576774597
0.5229885578155518
0.683745265007019
0.4401627480983734
0.5216346383094788
0.6545342206954956
0.7577863931655884
0.5985187888145447
0.7513664364814758
0.5655837059020996
0.6157087087631226
0.6068419218063354
0.6078575849533081
0.8097580075263977
0.4817211925983429
0.6916956305503845
0.5521485209465027
0.5185978412628174
0.3384135961532593
0.8207554221153259
0.7303118109703064
0.7000359296798706
0.6873288154602051
0.6092727184295654
0.6449201107025146
0.29456478357315063
0.600449800491333
0.6159727573394775
0.6028186082839966
0.35526442527770996
0.40988823771476746
0.650408923625946
0.6875420212745667
0.5626633763313293
0.48507049679756165
0.6767699122428894
0.6990159749984741
0.7805656790733337
0.6092405915260315
0.755178689956665
0.5922214388847351
0.5433893799781799
0.5507206916809082
0.43651166558265686
0.5865346789360046
0.561980128288269
0.5165194272994995
0.5991977453231812
0.6785956025123596
0.50765061378479
0.703829288482666
0.5683398842811584
0.6269797086715698
0.6767643690109253
0.6335334181785583
0.5746393799781799
0.686039924621582
0.6515102386474609
0.7151129841804504
0.6124157905578613
0.6365097165107727
0.616063117980957
0.6111598014831543
0.569768488407135
0.49863341450691223
0.658673107624054
0.5477283000946045
0.6128277778625488
0.6107677817344666
0.5044155716896057
0.5597119331359863
0.5664613842964172
0.5534960627555847
0.7377355098724365
0.38599902391433716
0.7278830409049988
0.6832115054130554
0.5633025169372559
0.6357737183570862
0.6350175738334656
0.5971664190292358
0.6960248351097107
0.7719152569770813
0.6356881260871887
0.7050417065620422
0.6101957559585571
0.6232923269271851
0.7187511920928955
0.5822802782058716
0.7539447546005249
0.635235607624054
0.6916173100471497
0.626051664352417
0.6549976468086243
0.6027335524559021
0.7045699954032898
0.6212590336799622
0.5602602958679199
0.5659886598587036
0.6792845726013184
0.6636440753936768
0.811551034450531
0.6224899291992188
0.5596446394920349
0.6403694748878479
0.3872365951538086
0.5741298198699951
0.676472544670105
0.6510867476463318
0.5543919801712036
0.5480645895004272
0.5693063139915466
0.4340154826641083
0.6064614653587341
0.7929550409317017
0.6407503485679626
0.7335060834884644
0.6703690886497498
0.6885414123535156
0.5784642696380615
0.5241278409957886
0.49636220932006836
0.5692288875579834
0.5868600010871887
0.5817987322807312
0.4787102937698364
0.7432519793510437
0.7435976266860962
0.5588636994361877
0.7280609607696533
0.4852208197116852
0.5922601819038391
0.6251647472381592
0.6088352799415588
0.4730411767959595
0.6308581829071045
0.43347257375717163
0.7844521403312683
0.581831157207489
0.6103723645210266
0.5771411061286926
0.6533944606781006
0.5670410394668579
0.7020187973976135
0.6027020812034607
0.6285751461982727
0.6821057796478271
0.5274478197097778
0.6548629999160767
0.7274167537689209
0.548026442527771
0.5329952239990234
0.4323921501636505
0.5350134968757629
0.513597846031189
0.5174744725227356
0.7210066318511963
0.5487631559371948
0.623296320438385
0.44368070363998413
0.7082332968711853
0.7302083373069763
0.6237099170684814
0.5358101725578308
0.6046282649040222
0.6037754416465759
0.48601508140563965
0.6567990779876709
0.6981487274169922
0.6854516267776489
0.6003772616386414
0.4762642979621887
0.6458159685134888
0.4944508969783783
0.6530389189720154
0.7288365960121155
0.5444286465644836
0.6013248562812805
0.6097855567932129
0.4894182085990906
0.6934105753898621
0.6739668250083923
0.6675695776939392
0.5980226993560791
0.6728653907775879
0.600334644317627
0.6053673028945923
0.5284856557846069
0.6514176726341248
0.7032577395439148
0.69697105884552
0.7258778214454651
0.4830749034881592
0.5345079898834229
0.3425203263759613
0.4914367198944092
0.4347078502178192
0.6981409192085266
0.7708237767219543
0.6128730773925781
0.6970924735069275
0.6805047392845154
0.631041407585144
0.6346806883811951
