0.5837004780769348
0.5418930649757385
0.5258122086524963
0.6911277174949646
0.6787456274032593
0.580134928226471
0.6454242467880249
0.5894843339920044
0.5869943499565125
0.49036118388175964
0.6319560408592224
0.5145825147628784
0.6826716661453247
0.5771105885505676
0.7150431275367737
0.6442190408706665
0.6947441697120667
0.69654381275177
0.4989205300807953
0.6318316459655762
0.3963201642036438
0.4396507740020752
0.7448819279670715
0.38390052318573
0.5792657136917114
0.5305326581001282
0.7878301739692688
0.4631117880344391
0.636475682258606
0.49877914786338806
0.5436760783195496
0.6183803081512451
0.47281399369239807
0.7090988159179688
0.6042853593826294
0.6324663758277893
0.5585864186286926
0.6974117755889893
0.5230547785758972
0.7135305404663086
0.6943132877349854
0.7409577965736389
0.5129261016845703
0.6658252477645874
0.5572091937065125
0.566034197807312
0.6651557087898254
0.5841720104217529
0.7087826132774353
0.5620588660240173
0.5590188503265381
0.6078968048095703
0.4647589921951294
0.7654640674591064
0.46062979102134705
0.6636672019958496
0.49272066354751587
0.6877454519271851
0.6457023024559021
0.4787779152393341
0.59769606590271
0.6932795643806458
0.4021154046058655
0.4737611413002014
0.6980430483818054
0.5085455775260925
0.7081053853034973
0.6656625270843506
0.6763791441917419
0.5181518793106079
0.5587451457977295
0.7237629294395447
0.5144655704498291
0.6327263116836548
0.4712275266647339
0.6604167819023132
0.7201709151268005
0.5036782622337341
0.6142022609710693
0.6257336139678955
0.6092398166656494
0.6389461755752563
0.577675998210907
0.6145713329315186
0.5851503014564514
0.6918885707855225
0.6076163649559021
0.6400880813598633
0.5984692573547363
0.6346156597137451
0.5864188075065613
0.4163880944252014
0.7532605528831482
0.6091151237487793
0.685461699962616
0.5905700325965881
0.606740415096283
0.5039581656455994
0.4639236330986023
0.708825945854187
0.49752944707870483
0.5443298816680908
0.6400769352912903
0.5059124827384949
0.6886239647865295
0.6070685386657715
0.6435216665267944
0.7003113031387329
0.6003007292747498
0.7150757312774658
0.6815878748893738
0.6280050873756409
0.5127242803573608
0.6375705003738403
0.5980170369148254
0.4959123432636261
0.602043867111206
0.6322384476661682
0.6932543516159058
0.5735243558883667
0.56280118227005
0.6465979814529419
0.5444883108139038
0.66808021068573
0.6818507313728333
0.7519333362579346
0.6378160715103149
0.5600116848945618
0.7103011608123779
0.5549632906913757
0.575107216835022
0.6375809907913208
0.7311176061630249
0.5531641244888306
0.5504241585731506
0.6503492593765259
0.5222174525260925
0.6762839555740356
0.5185275673866272
0.6074232459068298
0.6617563366889954
0.5895661115646362
0.5139322876930237
0.566483199596405
0.7269346714019775
0.53895503282547
0.7212084531784058
0.5017465353012085
0.6682250499725342
0.7010068297386169
0.5147250294685364
0.6025958061218262
0.5128424763679504
0.648375928401947
0.5600491762161255
0.6687501668930054
0.6374751329421997
0.42181307077407837
0.7499188184738159
0.5311035513877869
0.48722121119499207
0.2236139476299286
0.5602988600730896
0.5775370001792908
0.6176286935806274
0.6484049558639526
0.5962157845497131
0.4686702489852905
0.6865971088409424
0.5775415897369385
0.5450491309165955
0.5124868154525757
0.6740170121192932
0.6704866290092468
0.7136031985282898
0.691417932510376
0.5820955038070679
0.503575325012207
0.4870808720588684
0.6676932573318481
0.7100600004196167
0.5805169343948364
0.4510529041290283
0.2820110321044922
0.44225025177001953
0.49758005142211914
0.5395297408103943
0.7372615933418274
0.6995434165000916
0.48245641589164734
0.6074648499488831
0.5798472166061401
0.4114343822002411
0.6594281792640686
0.6954224109649658
0.6846517324447632
0.5293842554092407
0.7307276725769043
0.6327159404754639
0.6134040951728821
0.5689087510108948
0.6968869566917419
0.617989182472229
0.44940701127052307
0.4033174216747284
0.6640717387199402
0.6472342610359192
0.6561091542243958
0.6143099665641785
0.4912201762199402
0.6052777171134949
0.6096656322479248
0.47946348786354065
0.5831629037857056
0.6494553089141846
0.7253469228744507
0.5726593136787415
0.702577531337738
0.581001341342926
0.4348836839199066
0.6545000076293945
0.5647029876708984
0.6241248846054077
0.6703175902366638
0.4934932291507721
0.6965476870536804
0.7104109525680542
0.6670984625816345
0.4885507822036743
0.562222421169281
0.5857928395271301
0.5792459845542908
0.5570312142372131
0.6282555460929871
0.5193023085594177
0.6703827977180481
0.5541708469390869
0.6802496314048767
0.5864283442497253
0.650409996509552
0.49057137966156006
0.5660289525985718
0.6317793130874634
0.454571008682251
0.5218343138694763
0.6026538014411926
0.6925994157791138
0.6284272074699402
0.6511954665184021
0.5298078656196594
0.6527897715568542
0.38235604763031006
0.7443212270736694
0.6744041442871094
0.673525869846344
0.4946279227733612
0.5735043883323669
0.7148132920265198
0.4424426257610321
0.5176427364349365
0.4197119176387787
0.6340248584747314
0.52546626329422
0.5697289109230042
0.665595531463623
0.6883161664009094
0.6767627596855164
0.508803129196167
0.6603484153747559
0.6180084347724915
0.6139559149742126
0.46573957800865173
0.6752737164497375
0.5522268414497375
0.44548705220222473
0.6543776988983154
0.5553348064422607
0.7655105590820312
0.5654329061508179
0.7806784510612488
0.6244962215423584
0.6889221668243408
0.6644583940505981
0.6167623400688171
0.6089721918106079
0.5353360772132874
0.6367638111114502
0.658996045589447
0.6709117293357849
0.6021585464477539
0.632411539554596
0.6514787673950195
0.6369309425354004
0.6694340109825134
0.7016269564628601
0.6586540341377258
0.7451001405715942
0.6878762245178223
0.6739464402198792
0.7124683260917664
0.7396566867828369
0.617449939250946
0.7142398357391357
0.44115158915519714
0.6990434527397156
0.638957142829895
0.6547329425811768
0.6618303656578064
0.590502917766571
0.4824916422367096
0.6669580936431885
0.6875582933425903
0.5012078881263733
0.5660153031349182
0.47417017817497253
0.6250414252281189
0.6350882649421692
0.599316418170929
0.7610364556312561
0.5407140254974365
0.7059187889099121
0.707489550113678
0.7086653113365173
0.626747727394104
0.6541609168052673
0.677472710609436
0.654242753982544
0.6307128071784973
0.5940248966217041
0.6739904880523682
0.568204402923584
0.5351236462593079
0.7633261680603027
0.5882394313812256
0.6686491966247559
0.707170307636261
0.7104939818382263
0.5706018209457397
0.6962103247642517
0.5949804782867432
0.5363886952400208
0.570222020149231
0.6489787697792053
0.64349764585495
0.5802156329154968
0.615608811378479
0.5487905144691467
0.6804727911949158
0.751967191696167
0.6345186829566956
0.6768414974212646
0.5873488187789917
0.5578637719154358
0.5434206128120422
0.6552093029022217
0.643681526184082
0.5367631316184998
0.5603459477424622
0.7130043506622314
0.7511962056159973
0.7034984827041626
0.5269715785980225
0.6724657416343689
0.5884199738502502
0.6139112710952759
0.7101514339447021
0.7310816645622253
0.6205406188964844
0.5869096517562866
0.6295152306556702
0.6066155433654785
0.33586350083351135
0.6374748349189758
0.6433032155036926
0.5277640223503113
0.6774752140045166
0.596280574798584
0.648850679397583
0.5792350172996521
0.6856891512870789
0.5348689556121826
0.5763472318649292
0.535222589969635
0.5038772821426392
0.663524866104126
0.6898462772369385
0.6679368615150452
0.6238256692886353
0.6493914127349854
0.6809568405151367
0.7408721446990967
0.541376531124115
0.49423453211784363
0.5041177868843079
0.6468747854232788
0.6073840260505676
0.5828314423561096
0.6822748780250549
0.6347419619560242
0.6621661186218262
0.3660130500793457
0.5176403522491455
0.33206310868263245
0.6357202529907227
0.6419462561607361
0.6047420501708984
0.5529606938362122
0.7002788186073303
0.5586302876472473
0.5566298961639404
0.5523038506507874
0.6125434041023254
0.6527577042579651
0.7998169660568237
0.4895220994949341
0.5829780697822571
0.599708080291748
0.5894040465354919
0.5818237662315369
0.5376400351524353
0.6935192942619324
0.6082080602645874
0.45257872343063354
0.5873421430587769
0.624668300151825
0.6799646615982056
0.5474833250045776
0.6452252268791199
0.6041894555091858
0.5321605205535889
0.7319995760917664
0.7091603875160217
0.5066738724708557
0.669861376285553
0.7497454285621643
0.7569510340690613
0.5137894749641418
0.6525741219520569
0.5745001435279846
0.6127121448516846
0.6628172993659973
0.6067229509353638
0.7138237357139587
0.5506440997123718
0.6659318208694458
0.6967983245849609
0.5115334391593933
0.544989824295044
0.7203168272972107
0.6166914701461792
0.5905747413635254
0.7209019660949707
0.6026711463928223
0.5753045678138733
0.6690652370452881
0.6178929209709167
0.6107677221298218
0.6935774683952332
0.49094730615615845
0.5623512864112854
0.6568235754966736
0.6594660878181458
0.5491436123847961
0.5933656096458435
0.5128939747810364
0.5182924270629883
0.6078188419342041
0.5877418518066406
0.6145933866500854
0.5163015127182007
0.5226412415504456
0.6145406365394592
0.6659277081489563
0.6621056795120239
0.7440233826637268
0.547527015209198
0.7059825658798218
0.6170498132705688
0.6656095385551453
0.6797776818275452
0.618125855922699
0.7018484473228455
0.749993622303009
0.5757924914360046
0.7258464694023132
0.660150408744812
0.6089848279953003
0.7171266078948975
0.5797556638717651
0.6729038953781128
0.6410533785820007
0.5722397565841675
0.5322912335395813
0.7734832763671875
0.5452694892883301
0.5783399939537048
0.6947919726371765
0.602932333946228
0.7205880880355835
0.7200469374656677
0.7271080017089844
0.7948076725006104
0.6110531091690063
0.701396107673645
0.6506291627883911
0.595273494720459
0.5776300430297852
0.6460660099983215
0.5942736864089966
0.6729877591133118
0.7083551287651062
0.5988894104957581
0.572993278503418
0.6479234099388123
0.6525492072105408
0.6145210862159729
0.5585477948188782
0.6104311943054199
0.5850138068199158
0.6779366135597229
0.536439061164856
0.691079318523407
0.5352814793586731
0.5853590965270996
0.7863878011703491
0.6060806512832642
0.6786515116691589
0.7402649521827698
0.7041817903518677
0.5815636515617371
0.563324511051178
0.6828478574752808
0.5122158527374268
0.5369394421577454
0.5648106932640076
0.6653037667274475
0.6338651180267334
0.7347837090492249
0.5116251707077026
0.34386879205703735
0.7698678374290466
0.7102547883987427
0.5122308731079102
0.6170278787612915
0.5490778088569641
0.5791078805923462
0.6641197800636292
0.5108292698860168
0.7543936371803284
0.5104652643203735
0.5146565437316895
0.6185950040817261
0.5039756894111633
0.5542113184928894
0.5372990965843201
0.6192024946212769
0.6313284635543823
0.5637783408164978
0.7072346806526184
0.5911545157432556
0.6698663830757141
0.701454758644104
0.6222718358039856
0.6305773258209229
0.6487653255462646
0.551750659942627
0.6175756454467773
0.6357302665710449
0.6894707083702087
0.5025722980499268
0.5989152193069458
0.6509817242622375
0.5395550727844238
0.6066781878471375
0.6036768555641174
0.7345215082168579
0.6708042621612549
0.5580059885978699
0.5636507272720337
0.5598538517951965
0.6201925277709961
0.5059984922409058
0.6501715779304504
0.6013122200965881
0.5448479056358337
0.44002974033355713
0.6105480194091797
0.7346032857894897
0.7177348136901855
0.6083835363388062
0.681428849697113
0.5905174612998962
0.5254700779914856
0.6644377708435059
0.5597487688064575
0.5165701508522034
0.6453670859336853
0.7633103728294373
0.5748413801193237
0.5819487571716309
0.4998307228088379
0.5265024304389954
0.5892773866653442
0.638929545879364
0.5884417295455933
0.6973382830619812
0.709772527217865
0.5474046468734741
0.4390670359134674
0.6779156923294067
0.7465901970863342
0.783873438835144
0.651261568069458
0.7167205810546875
0.5651645064353943
0.5969658493995667
0.6475597023963928
0.5825481414794922
0.553303599357605
0.5302767753601074
0.5113663673400879
0.5172787308692932
0.815920889377594
0.6690680384635925
0.6787644624710083
0.595554769039154
0.6116341948509216
0.5504927039146423
0.5679314732551575
0.7252316474914551
0.5607531666755676
0.7670742869377136
0.6720833778381348
0.6030789017677307
0.6655925512313843
0.6121658086776733
0.6790648698806763
0.7000141739845276
0.6743035316467285
0.6301676034927368
0.48942115902900696
0.6038118004798889
0.5979893207550049
0.6803869009017944
0.7070906162261963
0.6196273565292358
0.5308308601379395
0.6378160715103149
0.5885167121887207
0.7239994406700134
0.6782004833221436
0.6149426102638245
0.7033426761627197
0.7618313431739807
0.49424001574516296
0.6321297883987427
0.6527453660964966
0.679122269153595
0.6246398687362671
0.5938546061515808
0.6028317213058472
0.2805408537387848
0.6755664944648743
0.6746715903282166
0.597801685333252
0.7075651288032532
0.6617670655250549
0.6906855702400208
0.6689594984054565
0.5642293691635132
0.7768523097038269
0.7796279191970825
0.600860059261322
0.698219358921051
0.5552321076393127
0.31782451272010803
0.679469645023346
0.538375198841095
0.5765126347541809
0.5666370391845703
0.6001875400543213
0.5171595215797424
0.8123983144760132
0.6487951874732971
0.6635773777961731
0.35037723183631897
0.6239897012710571
0.6399656534194946
0.6970683336257935
0.6802504658699036
0.6563489437103271
0.7672621607780457
0.5931682586669922
0.5341553688049316
0.5775103569030762
0.6372205018997192
0.5539243817329407
0.5480155348777771
0.4120670557022095
0.5045189261436462
0.4690362811088562
0.5774139165878296
0.6042691469192505
0.6467108726501465
0.5972262024879456
0.6159041523933411
0.6814682483673096
0.5030736923217773
0.7032190561294556
0.660836935043335
0.5868504643440247
0.704238772392273
0.5584768652915955
0.6065016388893127
0.5430727601051331
0.5460270047187805
0.6016335487365723
0.5606931447982788
0.6051837801933289
0.5742486119270325
0.5047997236251831
0.47292640805244446
0.40241557359695435
0.6564743518829346
0.5564931035041809
0.5253039002418518
0.7109329700469971
0.5725532174110413
0.5340229868888855
0.5162121653556824
0.7303298115730286
0.5784041881561279
0.5617995858192444
0.5705035328865051
0.6713517904281616
0.7373965978622437
0.6039122939109802
0.6874656081199646
0.5160007476806641
0.5597817301750183
0.4402065575122833
0.5554729700088501
0.6215139627456665
0.6700621843338013
0.35395628213882446
0.43903112411499023
0.7557088136672974
0.631026029586792
0.6144115328788757
0.6318324208259583
0.6733917593955994
0.6890324950218201
0.5616488456726074
0.6671615839004517
0.5856893658638
0.5768558382987976
0.5824211239814758
0.6804765462875366
0.49625152349472046
0.44772234559059143
0.5248002409934998
0.6519301533699036
0.5557541847229004
0.602044939994812
0.6757606863975525
0.7106532454490662
0.6176014542579651
0.7367674112319946
0.550595760345459
0.6697582602500916
0.45431745052337646
0.7393627166748047
0.5388852953910828
0.5412986874580383
0.5457432866096497
0.5662866234779358
0.5043950080871582
0.587581217288971
0.7162013053894043
0.7735899090766907
0.5977343916893005
0.6846079230308533
0.5649515986442566
0.6679767966270447
0.5526218414306641
0.583598792552948
0.646029531955719
0.4744073450565338
0.74165278673172
0.5468523502349854
0.6507951021194458
0.5898497104644775
0.6423450112342834
0.5599098801612854
0.5217550992965698
0.6900454759597778
0.5688856244087219
0.27610188722610474
0.4946320056915283
0.5361034870147705
0.7197201251983643
0.7452559471130371
0.49810469150543213
0.5593423247337341
0.5185554623603821
0.7430384755134583
0.6216162443161011
0.6579258441925049
0.6383105516433716
0.46815288066864014
0.45465102791786194
0.6543691754341125
0.6482502818107605
0.5773794054985046
0.5713339447975159
0.5087721347808838
0.6528990268707275
0.548025369644165
0.5298722982406616
0.5249826908111572
0.6059971451759338
0.541785478591919
0.7077479958534241
0.5371820330619812
0.6601972579956055
0.6372981667518616
0.782672107219696
0.6408330798149109
0.626856803894043
0.7460309863090515
0.5934922099113464
0.5541040897369385
0.5354273915290833
0.6767317652702332
0.6767637729644775
0.612608015537262
0.6806115508079529
0.5617687702178955
0.6330798268318176
0.5859980583190918
0.6146831512451172
0.6488420963287354
0.6627813577651978
0.5680696368217468
0.6810911893844604
0.6531384587287903
0.5842223167419434
0.5522533059120178
0.6012465953826904
0.6401670575141907
0.46429523825645447
0.6271117329597473
0.6956103444099426
0.6011338829994202
0.5383355617523193
0.49191129207611084
0.49755480885505676
0.6164143085479736
0.6591681838035583
0.6549910306930542
0.669708251953125
0.4926876723766327
0.5641316771507263
0.7129062414169312
0.6111993789672852
0.7294735908508301
0.6386224031448364
0.6248049139976501
0.6327376365661621
0.591445803642273
0.8132365345954895
0.5879663228988647
0.6064085960388184
0.726250171661377
0.6098291277885437
0.5272276401519775
0.5586332082748413
0.7624586224555969
0.6486057043075562
0.7727090120315552
0.6198486685752869
0.6947917342185974
0.6564102172851562
0.5375276803970337
0.5409755706787109
0.531305193901062
0.7074148058891296
0.6702309846878052
0.6552841663360596
0.7254623770713806
0.5520943999290466
0.676702618598938
0.6338607668876648
0.6649006605148315
0.6312823295593262
0.6940215229988098
0.7194157838821411
0.6142222881317139
0.692224383354187
0.7886905670166016
0.5625895261764526
0.45255354046821594
0.5114184021949768
0.6750563979148865
0.6080091595649719
0.6691698431968689
0.5753037929534912
0.48322173953056335
0.4692245423793793
0.5819218158721924
0.6150432229042053
0.6501771807670593
0.6810564994812012
0.7258769869804382
0.6759055852890015
0.6686809659004211
0.6787029504776001
0.6913101077079773
0.5345427393913269
0.5752001404762268
0.6135104298591614
0.7017511129379272
0.8024315237998962
0.3600045144557953
0.5888855457305908
0.5183889269828796
0.6073452234268188
0.6383396983146667
0.4810203015804291
0.6532899141311646
0.4050214886665344
0.5070741772651672
0.6672402620315552
0.4463876485824585
0.6793646216392517
0.6572335362434387
0.47447046637535095
0.5728872418403625
0.5314757823944092
0.6236881613731384
0.5648491382598877
0.5598158836364746
0.4083978831768036
0.744608998298645
0.5596573352813721
0.6333732008934021
0.5561643838882446
0.5323891043663025
0.6078863739967346
0.6787718534469604
0.5995368361473083
0.6489545702934265
0.5704622864723206
0.6161679625511169
0.5710098743438721
0.7031131982803345
0.6773870587348938
0.6287570595741272
0.7208885550498962
0.7116638422012329
0.6927151083946228
0.6471056342124939
0.57460618019104
0.6324887275695801
0.6567409038543701
0.6643046736717224
0.6081814765930176
0.7310196757316589
0.584092915058136
0.6180127859115601
0.6926928162574768
0.7538511157035828
0.7322293519973755
0.7058535814285278
0.4669561982154846
0.6666754484176636
0.5259016752243042
0.6785949468612671
0.627851128578186
0.6602117419242859
0.5946297645568848
0.5856794118881226
0.638018012046814
0.5871027708053589
0.7518999576568604
0.49554991722106934
0.6302910447120667
0.6426010727882385
0.6414808630943298
0.707333505153656
0.6631937026977539
0.5963853597640991
0.6582960486412048
0.6790689826011658
0.5862706899642944
0.6194319128990173
0.6033421754837036
0.5377451777458191
0.6006150245666504
0.7092333436012268
0.5252954959869385
0.5590661764144897
0.4529019296169281
0.6397449970245361
0.5052065253257751
0.5238927006721497
0.6628002524375916
0.5132046341896057
0.5631771087646484
0.5861063599586487
0.5930731892585754
0.6289154291152954
0.7041208744049072
0.5370367169380188
0.5232373476028442
0.43599656224250793
0.46169018745422363
0.4826836884021759
0.5029842853546143
0.6001574993133545
0.6355878710746765
0.6534653306007385
0.5540630221366882
0.5486893653869629
0.45930469036102295
0.601994514465332
0.6505749821662903
0.656885027885437
0.6353214979171753
0.6865418553352356
0.5821029543876648
0.6176338195800781
0.6650367975234985
0.5128515958786011
0.616218090057373
0.6382903456687927
0.5682284832000732
0.4617300033569336
0.5252612829208374
0.7157611846923828
0.6129482984542847
0.7210985422134399
0.6598827242851257
0.7232914566993713
0.6194095015525818
0.6026729941368103
0.48397791385650635
0.6600161194801331
0.7495678663253784
0.7181495428085327
0.6620840430259705
0.6950401067733765
0.7405608296394348
0.6730690002441406
0.6165719628334045
0.6199910044670105
0.7815380692481995
0.6174824237823486
0.658981442451477
0.5871545076370239
0.6616188287734985
0.5460473895072937
0.7422595620155334
0.6165613532066345
0.6071253418922424
0.6971580982208252
0.6427810192108154
0.45475807785987854
0.6142967343330383
0.5528168082237244
0.4894992709159851
0.513251543045044
0.6717044711112976
0.7064082026481628
0.6589335799217224
0.6012688875198364
0.6379433870315552
0.6826213002204895
0.694969892501831
0.6618108153343201
0.5920072197914124
0.7083016037940979
0.7833595275878906
0.6477184891700745
0.46366235613822937
0.6053922772407532
0.7069606184959412
0.6605979204177856
0.5849669575691223
0.6176773905754089
0.5767256021499634
0.6684751510620117
0.7502450942993164
0.6492204070091248
0.46802619099617004
0.7008256912231445
0.6192713379859924
0.4393283724784851
0.594287633895874
0.5073878765106201
0.5504055619239807
0.5596060156822205
0.6737529635429382
0.6172045469284058
0.6072978377342224
0.6718201041221619
0.6153461933135986
0.6622039675712585
0.44742128252983093
0.6960511207580566
0.5894187688827515
0.6350769400596619
0.6939270496368408
0.6766160130500793
0.5669928193092346
0.6196568012237549
0.6784590482711792
0.6098586916923523
0.6390405297279358
0.5498675107955933
0.6405763626098633
0.5345017313957214
0.5666382312774658
0.5885878205299377
0.5984201431274414
0.5414343476295471
0.5849215388298035
0.6939001083374023
0.526593029499054
0.5681835412979126
0.5790771245956421
0.6972494125366211
0.541438639163971
0.5134021639823914
0.6235052943229675
0.6310734748840332
0.5880351662635803
0.6909466981887817
0.550319254398346
0.5751943588256836
0.6369931697845459
0.5525384545326233
0.6442752480506897
0.6239455342292786
0.5259525775909424
0.6172977685928345
0.48950669169425964
0.6623316407203674
0.6598118543624878
0.5473136305809021
0.6684072613716125
0.7232472896575928
0.6775567531585693
0.5680367350578308
0.5210273861885071
0.6919134259223938
0.6777471899986267
0.45830419659614563
0.5229817032814026
0.7367905378341675
0.6291154623031616
0.6410475373268127
0.6789965033531189
0.47629040479660034
0.4671502113342285
0.6682523488998413
0.5923449397087097
0.6461027264595032
0.6167106628417969
0.6124659776687622
0.5976933240890503
0.5138474106788635
0.6474362015724182
0.6187328696250916
0.4506668448448181
0.6937119364738464
0.6515148878097534
0.7171179056167603
0.34972694516181946
0.5232082009315491
0.5778409242630005
0.5505903363227844
0.48698997497558594
0.5955289602279663
0.6310952305793762
0.6703827977180481
0.44597434997558594
0.6177199482917786
0.6573337912559509
0.6377463936805725
0.7141550183296204
0.7182979583740234
0.7650743126869202
0.5726699233055115
0.724078893661499
0.6290590763092041
0.40415382385253906
0.48043471574783325
0.567896842956543
0.6646549701690674
0.6628279685974121
0.6475679874420166
0.5107319951057434
0.5737282633781433
0.587877094745636
0.5024275183677673
0.45148172974586487
0.6703885197639465
0.5691254734992981
0.5701061487197876
0.4798363745212555
0.6638363003730774
0.5382769107818604
0.5443187355995178
0.5672374963760376
0.648720383644104
0.7257458567619324
0.7027163505554199
0.4938855767250061
0.6239241361618042
0.6582301259040833
0.6691881418228149
0.662377119064331
0.497912734746933
0.40311288833618164
0.5908025503158569
0.513953685760498
0.6281100511550903
0.5849921107292175
0.46958494186401367
0.5024334788322449
0.46294230222702026
0.49565064907073975
0.5640982985496521
0.6187496781349182
0.5786622762680054
0.7507421970367432
0.6802000999450684
0.555104672908783
0.6203058362007141
0.5811215043067932
0.6433037519454956
0.6055349707603455
0.6716695427894592
0.602030336856842
0.7019623517990112
0.6176939010620117
0.5666946768760681
0.6803605556488037
0.6532054543495178
0.6786302328109741
0.5580360889434814
0.4541494846343994
0.6732266545295715
0.5553817749023438
0.40202173590660095
0.5191969871520996
0.5951002836227417
0.6579440832138062
0.6053550243377686
0.6278579831123352
0.7143064141273499
0.6125532984733582
0.5741397738456726
0.6373488903045654
0.50862056016922
0.5974145531654358
0.5479780435562134
0.4616391956806183
0.5545152425765991
0.5478225946426392
0.6245996356010437
0.6627686619758606
0.541471540927887
0.5780504941940308
0.6564066410064697
0.6130732297897339
0.5731937885284424
0.6578570008277893
0.6047973036766052
0.615534245967865
0.5254128575325012
0.6824226975440979
0.5914429426193237
0.7621699571609497
0.7237821817398071
0.5432651042938232
0.6578209400177002
0.6960284113883972
0.6090980768203735
0.5081713795661926
0.7287943363189697
0.7149123549461365
0.5354216694831848
0.6878863573074341
0.5937163829803467
0.6959877014160156
0.623368501663208
0.6480640769004822
0.49867552518844604
0.5023301243782043
0.5619887709617615
0.7277854084968567
0.5335070490837097
0.5674629807472229
0.6621769070625305
0.6155279874801636
0.4657546579837799
0.6462730169296265
0.5249807834625244
0.6710745096206665
0.5428417325019836
0.5161980390548706
0.6998257040977478
0.5431597828865051
0.592513382434845
0.5580589771270752
0.5993175506591797
0.5258284211158752
0.7077786326408386
0.6149633526802063
0.5524674654006958
0.5770134329795837
0.7476518750190735
0.6077226996421814
0.5145294070243835
0.808387815952301
0.6085478067398071
0.5487400889396667
0.636084794998169
0.6176047921180725
0.6708149313926697
0.6284306049346924
0.7245193123817444
0.5696858763694763
0.59226393699646
0.5780684351921082
0.5306763648986816
0.6875469088554382
0.4539588391780853
0.7181604504585266
0.3737170994281769
0.736748993396759
0.6738479733467102
0.5342215299606323
0.5355610251426697
0.7337664365768433
0.5266309380531311
0.6729890704154968
0.5949429273605347
0.4956592619419098
0.5097559094429016
0.5962148308753967
0.7046484351158142
0.5520344376564026
0.506537675857544
0.7507998943328857
0.4371282458305359
0.4965982735157013
0.7083979845046997
0.5725078582763672
0.5299363732337952
0.5227988362312317
0.7027008533477783
0.7016985416412354
0.6439817547798157
0.6207122802734375
0.6607046127319336
0.5303076505661011
0.5905213356018066
0.6022626757621765
0.438591867685318
0.6671220660209656
0.7054774165153503
0.6702548861503601
0.45824575424194336
0.7141076326370239
0.6957541108131409
0.6410344243049622
0.5052250623703003
0.6143403649330139
0.6013237833976746
0.5714778304100037
0.6091935634613037
0.6350066065788269
0.5215295553207397
0.6321969032287598
0.5808247923851013
0.510025680065155
0.5182520151138306
0.6061201095581055
0.6426931619644165
0.5210636854171753
0.6656488180160522
0.5738723278045654
0.6809623837471008
0.641367495059967
0.5483189225196838
0.5597183704376221
0.6191733479499817
0.7095667719841003
0.6729303598403931
0.6238220930099487
0.5348547697067261
0.4558665156364441
0.6544317603111267
0.5892618298530579
0.6331043839454651
0.4147811830043793
0.5532940626144409
0.596042811870575
0.6407475471496582
0.7150419354438782
0.6000999212265015
0.8172749876976013
0.6944416165351868
0.6735408306121826
0.7239083647727966
0.5412582755088806
0.6914613842964172
0.5879555940628052
0.5949118733406067
0.6776959300041199
0.510009765625
0.4854850769042969
0.697661817073822
0.5219345092773438
0.5614994764328003
0.6625795364379883
0.6907939314842224
0.6714581251144409
0.6476410031318665
0.6392448544502258
0.5742622017860413
0.5698795914649963
0.6088242530822754
0.6412791013717651
0.6145731210708618
0.6855764389038086
0.758253276348114
0.6370443105697632
0.5839182734489441
0.6961982250213623
0.6177390813827515
0.705691933631897
0.5455548763275146
0.6408385038375854
0.47166216373443604
0.4634423553943634
0.7385706305503845
0.6107227802276611
0.6348347067832947
0.5894783139228821
0.6231207251548767
0.6854637265205383
0.6820877194404602
0.6396076083183289
0.6755393743515015
0.6605126857757568
0.6498710513114929
0.793763279914856
0.7169977426528931
0.5705525875091553
0.7127782106399536
0.5802435874938965
0.720504641532898
0.6233745813369751
0.6253675818443298
0.6679707765579224
0.6173914670944214
0.5960360169410706
0.5689759850502014
0.6417980194091797
0.645971417427063
0.7028520703315735
0.540411651134491
0.49634861946105957
0.6289434432983398
0.6510075926780701
0.6392336487770081
0.6330561637878418
0.6415228247642517
0.34907612204551697
0.6623343825340271
0.665493369102478
0.4687698781490326
0.5509398579597473
0.5267185568809509
0.7408956289291382
0.6734631061553955
0.4991551339626312
0.5121833682060242
0.7306722402572632
0.48759883642196655
0.6443920731544495
0.6109066605567932
0.3607639670372009
0.5227140188217163
0.7255640625953674
0.5941690802574158
0.46608176827430725
0.6790117025375366
0.7378514409065247
0.600274920463562
0.4837392568588257
0.6246016621589661
0.6189014911651611
0.5602282881736755
0.671235203742981
0.7070609331130981
0.6229687929153442
0.7629854679107666
0.7522015571594238
0.6276789903640747
0.6240113973617554
0.6738779544830322
0.6934912204742432
0.6771432757377625
0.6725599765777588
0.6055643558502197
0.5680150389671326
0.6517900824546814
0.5286052823066711
0.5492057800292969
0.5833047032356262
0.5667048692703247
0.6172726154327393
0.5563521981239319
0.6886776685714722
0.6696313619613647
0.5078089833259583
0.6913101077079773
0.40346184372901917
0.6035168766975403
0.6027593016624451
0.5796360969543457
0.5589495897293091
0.5914412140846252
0.6044062376022339
0.6914461255073547
0.39956286549568176
0.5741150975227356
0.7169881463050842
0.5979176759719849
0.6035212874412537
0.591656506061554
0.6378361582756042
0.5539041757583618
0.5120207667350769
0.37465155124664307
0.5507067441940308
0.616511344909668
0.5301780104637146
0.6906061172485352
0.5595033764839172
0.5173760652542114
0.5045045614242554
0.6805631518363953
0.522900402545929
0.5927720665931702
0.5202517509460449
0.7219235301017761
0.6668338179588318
0.616568386554718
0.6373783349990845
0.610865592956543
0.6950632333755493
0.5984099507331848
0.44356900453567505
0.6466626524925232
0.5370187163352966
0.6934059262275696
0.7055794596672058
0.6714969873428345
0.48751306533813477
0.7472321391105652
0.6585254073143005
0.655227780342102
0.4366743266582489
0.6038591861724854
0.8036976456642151
0.6361777186393738
0.700328528881073
0.6007871031761169
0.6259326934814453
0.5822287797927856
0.5188021063804626
0.5628601908683777
0.5215984582901001
0.7171717882156372
0.5704171061515808
0.6539517641067505
0.7732140421867371
0.5533612370491028
0.5354258418083191
0.5252214670181274
0.6430995464324951
0.6918907761573792
0.6829389333724976
0.5644214153289795
0.7726990580558777
0.48646989464759827
0.700311541557312
0.5168587565422058
0.5080994367599487
0.5169106125831604
0.7075971961021423
0.4991048276424408
0.6236045956611633
0.5496540069580078
0.5359997749328613
0.6295917630195618
0.6476349234580994
0.5889884829521179
0.618979811668396
0.6231557130813599
0.6539822220802307
0.6869720220565796
0.6382872462272644
0.3584800362586975
0.5625466704368591
0.5471344590187073
0.6899248361587524
0.7114880084991455
0.6717945337295532
0.8019238114356995
0.6546750664710999
0.7819387912750244
0.7340633273124695
0.7029603123664856
0.8215582370758057
0.6803098917007446
0.6596434116363525
0.6066751480102539
0.6292496919631958
0.6165928840637207
0.4899594783782959
0.607105553150177
0.6054796576499939
0.39231133460998535
0.558560311794281
0.4795208275318146
0.5451054573059082
0.52742999792099
0.7257804870605469
0.6609230041503906
0.4906427264213562
0.665009617805481
0.6374203562736511
0.499881386756897
0.6202731728553772
0.5425434708595276
0.6680508852005005
0.5484483242034912
0.6564452052116394
0.5028973817825317
0.6200265288352966
0.6898300051689148
0.6770716905593872
0.6850461363792419
0.590300440788269
0.5210683941841125
0.5922509431838989
0.6010307669639587
0.6536082625389099
0.7755388021469116
0.6636807322502136
0.6961907148361206
0.8061760067939758
0.6762946844100952
0.7215911149978638
0.7273768186569214
0.5804879069328308
0.671704888343811
0.6711496710777283
0.6514163017272949
0.6110397577285767
0.7628105878829956
0.5619686245918274
0.6908696293830872
0.44492077827453613
0.5869693756103516
0.5082395672798157
0.5934887528419495
0.6355479955673218
0.6659829020500183
0.6610087156295776
0.6242786645889282
0.6700610518455505
0.6209838390350342
0.654312789440155
0.6571698188781738
0.7061765789985657
0.5820385217666626
0.5914934873580933
0.3641463816165924
0.6448680758476257
0.5195035338401794
0.6271308064460754
0.7288119196891785
0.5065653920173645
0.5367782711982727
0.6659854054450989
0.6781092882156372
0.5122451186180115
0.7155824303627014
0.5256224870681763
0.5326936841011047
0.5216187238693237
0.6168572902679443
0.5278639197349548
0.5377210378646851
0.6050177812576294
0.5524000525474548
0.6040542721748352
0.6326486468315125
0.6509629487991333
0.6704801321029663
0.6809201836585999
0.5729123950004578
0.7278301119804382
0.6601465344429016
0.6266013979911804
0.6060178279876709
0.6558992862701416
0.6414937376976013
0.702261209487915
0.6548687815666199
0.6932838559150696
0.6775574684143066
0.610840916633606
0.5803000926971436
0.799665629863739
0.6552671790122986
0.7421476244926453
0.7567731738090515
0.62364661693573
0.6880698800086975
0.5956858396530151
0.6214898824691772
0.6170222759246826
0.5444208979606628
0.6539177298545837
0.7052047848701477
0.597684919834137
0.6956539750099182
0.6986229419708252
0.7178351283073425
0.6900721192359924
0.6414666175842285
0.7190714478492737
0.6689706444740295
0.4883069694042206
0.6360639333724976
0.6929205060005188
0.5640514492988586
0.4307858347892761
0.775558590888977
0.5682623982429504
0.42570406198501587
0.5054579973220825
0.6920066475868225
0.6622923612594604
0.43201008439064026
0.4264661967754364
0.5555199980735779
0.6009534597396851
0.6888837814331055
0.6044982075691223
0.7184752821922302
0.62410968542099
0.5723243951797485
0.5522620677947998
0.5313735008239746
0.6230009198188782
0.6434034705162048
0.7649365663528442
0.6469736695289612
0.5993162989616394
0.7059997916221619
0.6928612589836121
0.7565908432006836
0.6309095621109009
0.6530682444572449
0.6736190915107727
0.6624124050140381
0.6822308301925659
0.46067869663238525
0.6746243238449097
0.548147976398468
0.6313962936401367
0.6744830012321472
0.5142257809638977
0.4771277904510498
0.6831201910972595
0.5414736270904541
0.5544964671134949
0.6377503871917725
0.4692040979862213
0.46372190117836
0.6693838238716125
0.4803318679332733
0.6562495827674866
0.5899192690849304
0.3324281573295593
0.656723141670227
0.7898529767990112
0.6793807148933411
0.5611573457717896
0.5293707251548767
0.6451010704040527
0.6726345419883728
0.7226772308349609
0.6830695867538452
0.683620810508728
0.691677451133728
0.6206968426704407
0.6377599239349365
0.7418068647384644
0.42598986625671387
0.44327300786972046
0.6229658126831055
0.5385733246803284
0.5796208381652832
0.5308226346969604
0.5457408428192139
0.5386020541191101
0.533438503742218
0.6018778085708618
0.5782611966133118
0.556256890296936
0.6047347784042358
0.7371899485588074
0.65528404712677
0.5785276889801025
0.6865469813346863
0.46231433749198914
0.44280001521110535
0.6533874869346619
0.646930456161499
0.5013790726661682
0.7076643109321594
0.5508701205253601
0.5463730096817017
0.4007265269756317
0.7929379940032959
0.4942801892757416
0.6664685606956482
0.5477443337440491
0.5556178689002991
0.5723146796226501
0.5489938259124756
0.6182358860969543
0.5611257553100586
0.4922062158584595
0.5889114141464233
0.6375022530555725
0.6236231327056885
0.7328407764434814
0.4015233516693115
0.6105756759643555
0.6664091348648071
0.5878270864486694
0.5981271266937256
0.6946355700492859
0.5152157545089722
0.566182017326355
0.5875417590141296
0.6389214992523193
0.6958401799201965
0.5500401854515076
0.6219720840454102
0.5226562023162842
0.6193570494651794
0.5946897268295288
0.711825966835022
0.6572974324226379
0.5406709909439087
0.6477277278900146
0.6391478776931763
0.4500608742237091
0.7309131026268005
0.4792598485946655
0.5659993290901184
0.6507846713066101
0.5088063478469849
0.5166647434234619
0.5905548930168152
0.6667435169219971
0.7476451992988586
0.6935450434684753
0.7129431366920471
0.6311516165733337
0.6792027950286865
0.6192693710327148
0.4571952223777771
0.41311386227607727
0.7220256328582764
0.7326725721359253
0.7390331029891968
0.5877856016159058
0.6511927247047424
0.6720372438430786
0.43134474754333496
0.7411441206932068
0.5798072814941406
0.7814276218414307
0.36551958322525024
0.5586293935775757
0.5397177934646606
0.5915068984031677
0.7798858880996704
0.6296930909156799
0.580582320690155
0.6869037747383118
0.5534712076187134
0.6655327081680298
0.5327613949775696
0.5491112470626831
0.6177459359169006
0.7034279704093933
0.7113097906112671
0.7418318390846252
0.6153205037117004
0.6434287428855896
0.5658784508705139
0.7030370235443115
0.630227267742157
0.49057164788246155
0.6202812194824219
0.6193865537643433
0.5579931139945984
0.619160532951355
0.4600851833820343
0.6186819076538086
0.5861736536026001
0.4966491162776947
0.6311836838722229
0.5793168544769287
0.7481972575187683
0.5838721394538879
0.5418579578399658
0.6796092987060547
0.5516937375068665
0.6766929030418396
0.7153530716896057
0.7033408880233765
0.66654372215271
0.5537341833114624
0.6904463768005371
0.5956798791885376
0.7876467108726501
0.5575399994850159
0.7308270335197449
0.419991672039032
0.6656224131584167
0.5198264718055725
0.5124087333679199
0.6815463304519653
0.4295661151409149
0.5190408229827881
0.6810872554779053
0.7233006358146667
0.543410062789917
0.7005441784858704
0.5735311508178711
0.6676231026649475
0.6274961829185486
0.5450534224510193
0.6924101114273071
0.5111451148986816
0.6224231719970703
0.5585372447967529
0.6173923015594482
0.40532010793685913
0.7634228467941284
0.684059202671051
0.715052604675293
0.6687943339347839
0.5852073431015015
0.6200375556945801
0.36374980211257935
0.5285739302635193
0.6115798354148865
0.5790679454803467
0.40010279417037964
0.39521655440330505
0.5959134697914124
0.6705719232559204
0.49946004152297974
0.45183539390563965
0.66951584815979
0.6847936511039734
0.7310426235198975
0.5743386745452881
0.7677521109580994
0.5159013867378235
0.5021454095840454
0.5464450716972351
0.5305412411689758
0.60521399974823
0.4878196120262146
0.4364681541919708
0.4983241558074951
0.5646659135818481
0.49781689047813416
0.6331622004508972
0.6068655252456665
0.6412504315376282
0.6188676357269287
0.6346131563186646
0.5793138742446899
0.6601251363754272
0.5799478888511658
0.6265667676925659
0.5721902847290039
0.6488802433013916
0.6295024156570435
0.6088902950286865
0.6065777540206909
0.47614166140556335
0.6529235243797302
0.6003572940826416
0.5942898392677307
0.590996503829956
0.5428810715675354
0.5426619052886963
0.6128134727478027
0.5787142515182495
0.6804109215736389
0.4042068421840668
0.670324981212616
0.6841895580291748
0.5172808170318604
0.6447935104370117
0.6378356218338013
0.6160433292388916
0.6945005059242249
0.7430384755134583
0.6266888976097107
0.6984710097312927
0.5458806157112122
0.627160906791687
0.6929022073745728
0.5892210602760315
0.6609402298927307
0.6715855598449707
0.634371817111969
0.5846372842788696
0.6186384558677673
0.5478527545928955
0.6776074767112732
0.5952942967414856
0.5949849486351013
0.5392285585403442
0.6406359672546387
0.5767669081687927
0.7865989208221436
0.5777803659439087
0.5511234402656555
0.5865572690963745
0.33061665296554565
0.6528995633125305
0.6272398233413696
0.6104211807250977
0.5724391341209412
0.5686322450637817
0.5794010162353516
0.4027639925479889
0.525032639503479
0.7939754128456116
0.5552477240562439
0.7412083745002747
0.5540789365768433
0.6400167346000671
0.5540016293525696
0.5423957705497742
0.5142503380775452
0.5969828367233276
0.6134929656982422
0.5990475416183472
0.5235609412193298
0.7229302525520325
0.6682267189025879
0.6108580827713013
0.7133023142814636
0.543451726436615
0.605712890625
0.49921998381614685
0.5633224248886108
0.509104311466217
0.5753915905952454
0.4050408601760864
0.702089786529541
0.6268368363380432
0.5360304713249207
0.6287062168121338
0.6015052795410156
0.6099161505699158
0.6384715437889099
0.6439856886863708
0.6336342096328735
0.7196364402770996
0.5490006804466248
0.5960342288017273
0.6599696278572083
0.4789791703224182
0.5686904788017273
0.3785841166973114
0.5182119011878967
0.4940360486507416
0.5556282997131348
0.6736693382263184
0.5844588875770569
0.6259137988090515
0.39082106947898865
0.6780757904052734
0.6462533473968506
0.5521746277809143
0.574135959148407
0.6573647260665894
0.5567324161529541
0.5367749333381653
0.5791462063789368
0.6613630652427673
0.6509702205657959
0.49885961413383484
0.5131360292434692
0.6023697257041931
0.5338162779808044
0.6408688426017761
0.737953245639801
0.5577347278594971
0.6004258990287781
0.6348021626472473
0.49116086959838867
0.609732985496521
0.6752191185951233
0.5888051390647888
0.5114394426345825
0.6695257425308228
0.6465346813201904
0.5623862147331238
0.5759227275848389
0.6606383919715881
0.6151434779167175
0.5972985625267029
0.6753435134887695
0.4324163794517517
0.5483051538467407
0.29969388246536255
0.5180610418319702
0.46098288893699646
0.6887995004653931
0.7237409949302673
0.6415651440620422
0.6719402074813843
0.6660309433937073
0.6130726933479309
0.6413106322288513
